88     eeee    ""8"" 8   8 8""""    8""""8 8"""8 8""""8 8   8  8 8"""" 8"""8     ""8"" 8"""88    8     8  8"""" 8""""    
88        8      8   8   8 8        8    8 8   8 8      8   8  8 8     8   8       8   8    8    8     8  8     8        
88  88    8      8e  8eee8 8eeee    8eeee8 8e  8 8eeeee 8e  8  8 8eeee 8eee8e      8e  8    8    8e    8e 8eeee 8eeee    
88ee88 eee8      88  88  8 88       88   8 88  8     88 88  8  8 88    88   8      88  8    8    88    88 88    88       
    88 8         88  88  8 88       88   8 88  8 e   88 88  8  8 88    88   8      88  8    8    88    88 88    88       
    88 8eee      88  88  8 88eee    88   8 88  8 8eee88 88ee8ee8 88eee 88   8      88  8eeee8    88eee 88 88    88eee 88 
                                                                                                                       8 
	   ""8"" 8   8 8""""    8   8 8"""8 8  88   8 8"""" 8"""8  8""""8 8""""    8""""8 8"""8 8""""8  
  	     8   8   8 8        8   8 8   8 8  88   8 8     8   8  8      8        8    8 8   8 8    8 
  	     8e  8eee8 8eeee    8e  8 8e  8 8e 88  e8 8eeee 8eee8e 8eeeee 8eeee    8eeee8 8e  8 8e   8  
  	     88  88  8 88       88  8 88  8 88 "8  8  88    88   8     88 88       88   8 88  8 88   8  
	     88  88  8 88       88  8 88  8 88  8  8  88    88   8 e   88 88       88   8 88  8 88   8  
	     88  88  8 88eee    88ee8 88  8 88  8ee8  88eee 88   8 8eee88 88eee    88   8 88  8 88eee8  

			  8"""" 88   8 8"""" 8"""8  8    8 ""8"" 8   8 8  8"""8 8""""8 8  
			  8     88   8 8     8   8  8    8   8   8   8 8  8   8 8    " 88 
			  8eeee 88  e8 8eeee 8eee8e 8eeee8   8e  8eee8 8e 8e  8 8e     88 
			  88    "8  8  88    88   8   88     88  88  8 88 88  8 88  ee 88 
			  88     8  8  88    88   8   88     88  88  8 88 88  8 88   8    
			  88eee  8ee8  88eee 88   8   88     88  88  8 88 88  8 88eee8 88 